# Created by Octave 4.2.1, Sun Mar 11 13:04:35 2018 GMT <unknown@unknown>
# name: a
# type: matrix
# rows: 1
# columns: 4
 1 2 4 -7


# name: b
# type: matrix
# rows: 4
# columns: 1
 1
 2
 4
 -7


# name: c
# type: matrix
# rows: 4
# columns: 1
 1
 2
 4
 -7


