# Created by Octave 4.2.1, Sun Mar 11 12:28:34 2018 GMT <unknown@unknown>
# name: a
# type: matrix
# rows: 3
# columns: 2
 1 2
 3 4
 5 6


# name: b
# type: matrix
# rows: 1
# columns: 3
 5 6 7


